y <-
c(28, 8, -3, 7, -1, 1, 18, 12)
J <- 8
sigma <-
c(15, 10, 16, 11, 9, 11, 10, 18)
