N <- 100
y <- 
c(5, 10, 7, 0, 0, 0, 9, 6, 7, 10, 0, 11, 0, 0, 8, 6, 14, 9, 7, 0,
0, 0, 7, 10, 9, 13, 0, 9, 10, 8, 0, 6, 6, 0, 3, 5, 7, 7, 10, 0, 10, 0,
7, 14, 0, 7, 11, 0, 8, 8, 6, 0, 7, 7, 5, 7, 4, 10, 14, 0, 0, 8, 0, 7,
11, 7, 10, 0, 5, 10, 0, 0, 11, 5, 10, 10, 0, 8, 8, 11, 6, 8, 0, 5, 0, 8,
10, 4, 14, 0, 7, 13, 0, 10, 8, 8, 0, 0, 8, 13)
